{
 "cells": [
  {
   "cell_type": "code",
   "execution_count": 1,
   "metadata": {},
   "outputs": [],
   "source": [
    "import pandas as pd\n",
    "import statistics \n",
    "import numpy as np"
   ]
  },
  {
   "cell_type": "code",
   "execution_count": 2,
   "metadata": {},
   "outputs": [],
   "source": [
    "# DATASET_SIZE = 100000\n",
    "# HALF_DATASET_SIZE = int(90*DATASET_SIZE / 100)"
   ]
  },
  {
   "cell_type": "code",
   "execution_count": 3,
   "metadata": {},
   "outputs": [],
   "source": [
    "def build_str(grouped_user):\n",
    "    df_users = {}\n",
    "\n",
    "    for i,j in zip(grouped_user.index.tolist(), grouped_user.values.tolist()):\n",
    "        df_users[i] = len(j) \n",
    "        \n",
    "    return df_users"
   ]
  },
  {
   "cell_type": "code",
   "execution_count": 4,
   "metadata": {},
   "outputs": [],
   "source": [
    "def get_values(df_users):\n",
    "    maximum = max(df_users, key=df_users.get)\n",
    "    minimum = min(df_users, key=df_users.get)\n",
    "    max_items_per_user = df_users[maximum]\n",
    "    min_items_per_user = df_users[minimum]\n",
    "    avg_items_per_user = statistics.mean(list(df_users.values()))\n",
    "    median_items_per_user = statistics.median(list(df_users.values()))\n",
    "    \n",
    "    return max_items_per_user, min_items_per_user, round(avg_items_per_user,3), median_items_per_user"
   ]
  },
  {
   "cell_type": "code",
   "execution_count": 5,
   "metadata": {},
   "outputs": [],
   "source": [
    "def lenght_list_value(lista, value):\n",
    "    return len([x for x in lista if x >= value])"
   ]
  },
  {
   "cell_type": "code",
   "execution_count": 6,
   "metadata": {},
   "outputs": [],
   "source": [
    "def atleast_ratings(df_users):\n",
    "    values = list(df_users.values())\n",
    "    \n",
    "    return lenght_list_value(values, 10), lenght_list_value(values, 50), lenght_list_value(values, 100)"
   ]
  },
  {
   "cell_type": "code",
   "execution_count": 7,
   "metadata": {},
   "outputs": [],
   "source": [
    "ml_original = pd.read_csv('u.csv')\n",
    "ml_50 = pd.read_csv('most_pop_200_users_50.csv')\n",
    "ml_25 = pd.read_csv('most_pop_200_users_25.csv')\n",
    "ml_12 = pd.read_csv('most_pop_200_users_12.csv')\n",
    "\n",
    "# ml_original = ml_original.sort_values('timestamp')\n",
    "\n",
    "# training = pd.read_csv('training.csv')\n",
    "# training_original = ml_original[:HALF_DATASET_SIZE]\n",
    "# training_original.columns = ['user', 'item', 'rating', 'timestamp']\n",
    "\n",
    "# training = training_original[training_original['rating'] >= 4]\n",
    "\n",
    "# # evaluation = pd.read_csv('evaluation.csv')\n",
    "# evaluation = ml_original[HALF_DATASET_SIZE:]\n",
    "# evaluation.columns = ['user', 'item', 'rating', 'timestamp']\n",
    "\n",
    "# evaluation_filt = evaluation[evaluation['rating'] >= 4]\n"
   ]
  },
  {
   "cell_type": "code",
   "execution_count": 8,
   "metadata": {},
   "outputs": [],
   "source": [
    "# def lenProblemsDone(row, set_filter):\n",
    "#     \"\"\"\n",
    "#         Function that calculates the size of the item list that each user has interact with\n",
    "        \n",
    "#         Funcion auxiliar que calcula con cuantos items ha interactuado cada usuario en un conjunto: training o evaluation\n",
    "#     \"\"\"\n",
    "#     # saco el dataframe que contendra solo una fila con la lista de problemas que ha hecho el usuario\n",
    "#     df_filter = set_filter[set_filter['user_id'] == row['user_id']]\n",
    "    \n",
    "#     if df_filter.empty:\n",
    "#         # si esta vacio, entonces es que el usuario no ha hecho problemas en ese conjunto\n",
    "#         return 0\n",
    "#     else:\n",
    "#         # sino, devuelvo la longitud de la lista de problemas\n",
    "#         return len(df_filter['list_item_id'].iloc[0]) \n",
    "    "
   ]
  },
  {
   "cell_type": "code",
   "execution_count": 9,
   "metadata": {},
   "outputs": [],
   "source": [
    "# grouped_user = training.groupby('user')['item'].apply(list)\n",
    "# df_users = pd.DataFrame({'user_id':grouped_user.index, 'list_item_id':grouped_user.values})\n",
    "\n",
    "# grouped_user_eval = evaluation_filt.groupby('user')['item'].apply(list)\n",
    "# df_users_eval = pd.DataFrame({'user_id':grouped_user_eval.index, 'list_item_id':grouped_user_eval.values})\n",
    "\n",
    "\n",
    "# user_list = ml_original.user.unique()\n",
    "# column_user_filter = {'user_id': user_list}\n",
    "# datraframe_user_filter = pd.DataFrame.from_dict(column_user_filter)\n",
    "# datraframe_user_filter['len_training'] = datraframe_user_filter.apply (lambda row: lenProblemsDone(row, df_users), axis=1)\n",
    "# datraframe_user_filter['len_evaluation'] = datraframe_user_filter.apply (lambda row: lenProblemsDone(row, df_users_eval), axis=1)\n",
    "\n",
    "# datraframe_user_filter = datraframe_user_filter[(datraframe_user_filter['len_training'] >= 10) & (datraframe_user_filter['len_evaluation'] >= 10)]\n",
    "\n",
    "# print(datraframe_user_filter)\n",
    "\n",
    "# # aqui voy a guardar la lista de usuarios a los que voy a recomendar\n",
    "# user_list_to_recommend = sorted(datraframe_user_filter['user_id'].tolist())\n",
    "# print(user_list_to_recommend)\n",
    "# print(len(user_list_to_recommend))"
   ]
  },
  {
   "cell_type": "code",
   "execution_count": 10,
   "metadata": {},
   "outputs": [],
   "source": [
    "# training_ev = training[training['user'].isin(user_list_to_recommend)]\n",
    "# evaluation_filt_ev = evaluation_filt[evaluation_filt['user'].isin(user_list_to_recommend)]\n",
    "\n",
    "# print(training_ev)\n",
    "# print(evaluation_filt_ev)\n"
   ]
  },
  {
   "cell_type": "code",
   "execution_count": 11,
   "metadata": {},
   "outputs": [],
   "source": [
    "datasets = [ml_original, ml_50, ml_25, ml_12]"
   ]
  },
  {
   "cell_type": "code",
   "execution_count": 12,
   "metadata": {},
   "outputs": [
    {
     "name": "stdout",
     "output_type": "stream",
     "text": [
      "100000\n",
      "15954\n",
      "34030\n",
      "42482\n"
     ]
    }
   ],
   "source": [
    "for d in datasets:\n",
    "    print(len(d))"
   ]
  },
  {
   "cell_type": "code",
   "execution_count": 13,
   "metadata": {},
   "outputs": [
    {
     "name": "stdout",
     "output_type": "stream",
     "text": [
      "--------------------------\n",
      "Ratings: 100000\n",
      "Items: 1682\n",
      "Users: 943\n",
      "Density: 0.063\n",
      "Maximum # ratings per item: 583\n",
      "Median # ratings per item: 27.0\n",
      "Average # ratings per item: 59.453\n",
      "Minimum # ratings per item: 1\n",
      "# Items with at least 10 ratings: 1152\n",
      "# Items with at least 50 ratings: 603\n",
      "# Items with at least 100 ratings: 338\n",
      "Maximum # ratings per user: 737\n",
      "Median # ratings per user: 65\n",
      "Average # ratings per user: 106.045\n",
      "Minimum # ratings per user: 20\n",
      "# Users with at least 10 ratings: 943\n",
      "# Users with at least 50 ratings: 568\n",
      "# Users with at least 100 ratings: 364\n",
      "% Ratings with value greater than or equal to 4: 55.375\n",
      "% Ratings with value lower than 4: 44.625\n",
      "--------------------------\n",
      "Ratings: 15954\n",
      "Items: 200\n",
      "Users: 129\n",
      "Density: 0.618\n",
      "Maximum # ratings per item: 126\n",
      "Median # ratings per item: 80.0\n",
      "Average # ratings per item: 79.77\n",
      "Minimum # ratings per item: 22\n",
      "# Items with at least 10 ratings: 200\n",
      "# Items with at least 50 ratings: 177\n",
      "# Items with at least 100 ratings: 47\n",
      "Maximum # ratings per user: 173\n",
      "Median # ratings per user: 121\n",
      "Average # ratings per user: 123.674\n",
      "Minimum # ratings per user: 100\n",
      "# Users with at least 10 ratings: 129\n",
      "# Users with at least 50 ratings: 129\n",
      "# Users with at least 100 ratings: 129\n",
      "% Ratings with value greater than or equal to 4: 62.774\n",
      "% Ratings with value lower than 4: 37.226\n",
      "--------------------------\n",
      "Ratings: 34030\n",
      "Items: 200\n",
      "Users: 376\n",
      "Density: 0.453\n",
      "Maximum # ratings per item: 348\n",
      "Median # ratings per item: 162.5\n",
      "Average # ratings per item: 170.15\n",
      "Minimum # ratings per item: 54\n",
      "# Items with at least 10 ratings: 200\n",
      "# Items with at least 50 ratings: 200\n",
      "# Items with at least 100 ratings: 185\n",
      "Maximum # ratings per user: 173\n",
      "Median # ratings per user: 86.0\n",
      "Average # ratings per user: 90.505\n",
      "Minimum # ratings per user: 50\n",
      "# Users with at least 10 ratings: 376\n",
      "# Users with at least 50 ratings: 376\n",
      "# Users with at least 100 ratings: 129\n",
      "% Ratings with value greater than or equal to 4: 64.331\n",
      "% Ratings with value lower than 4: 35.669\n",
      "--------------------------\n",
      "Ratings: 42482\n",
      "Items: 200\n",
      "Users: 611\n",
      "Density: 0.348\n",
      "Maximum # ratings per item: 499\n",
      "Median # ratings per item: 197.5\n",
      "Average # ratings per item: 212.41\n",
      "Minimum # ratings per item: 84\n",
      "# Items with at least 10 ratings: 200\n",
      "# Items with at least 50 ratings: 200\n",
      "# Items with at least 100 ratings: 198\n",
      "Maximum # ratings per user: 173\n",
      "Median # ratings per user: 63\n",
      "Average # ratings per user: 69.529\n",
      "Minimum # ratings per user: 25\n",
      "# Users with at least 10 ratings: 611\n",
      "# Users with at least 50 ratings: 376\n",
      "# Users with at least 100 ratings: 129\n",
      "% Ratings with value greater than or equal to 4: 64.672\n",
      "% Ratings with value lower than 4: 35.328\n"
     ]
    }
   ],
   "source": [
    "results = list()\n",
    "for d in datasets:\n",
    "    \n",
    "    items = d.item.unique()\n",
    "    users = d.user.unique()\n",
    "    \n",
    "    num_ratings = len(d)\n",
    "    num_items = len(items)\n",
    "    num_users = len(users)\n",
    "    density = round(num_ratings/(num_items*num_users),3)\n",
    "    \n",
    "    print('--------------------------')\n",
    "    print('Ratings: ' + str(num_ratings))\n",
    "    print('Items: ' + str(num_items))\n",
    "    print('Users: ' + str(num_users))\n",
    "    print('Density: ' + str(density))\n",
    "    \n",
    "    \n",
    "    ######### ITEMS \n",
    "    \n",
    "    grouped_user = d.groupby('item')['user'].apply(list)\n",
    "    \n",
    "    # diccionario que va a contener como key el item, como value, el numero de users con los que ha interactuado\n",
    "    df_users = build_str(grouped_user)\n",
    "        \n",
    "    max_items_per_item, min_items_per_item, avg_items_per_item, median_items_per_item = get_values(df_users)\n",
    "    \n",
    "    print('Maximum # ratings per item: ' + str(max_items_per_item))\n",
    "    print('Median # ratings per item: ' + str(median_items_per_item))\n",
    "    print('Average # ratings per item: ' + str(avg_items_per_item))\n",
    "    print('Minimum # ratings per item: ' + str(min_items_per_item))\n",
    "    \n",
    "    tenratings_item, fiftyratings_item, ohratings_item = atleast_ratings(df_users)\n",
    "    \n",
    "    print('# Items with at least 10 ratings: ' + str(tenratings_item))\n",
    "    print('# Items with at least 50 ratings: ' + str(fiftyratings_item))\n",
    "    print('# Items with at least 100 ratings: ' + str(ohratings_item))\n",
    "    \n",
    "    ###### USERS\n",
    "    \n",
    "    grouped_user = d.groupby('user')['item'].apply(list)\n",
    "    \n",
    "    # diccionario que va a contener como key el user, como value, el numero de items con los que ha interactuado\n",
    "    df_users = build_str(grouped_user)\n",
    "        \n",
    "    max_items_per_user, min_items_per_user, avg_items_per_user, median_items_per_user = get_values(df_users)\n",
    "    \n",
    "    print('Maximum # ratings per user: ' + str(max_items_per_user))\n",
    "    print('Median # ratings per user: ' + str(median_items_per_user))\n",
    "    print('Average # ratings per user: ' + str(avg_items_per_user))\n",
    "    print('Minimum # ratings per user: ' + str(min_items_per_user))\n",
    "    \n",
    "    \n",
    "    tenratings_user, fiftyratings_user, ohratings_user = atleast_ratings(df_users)\n",
    "    \n",
    "    print('# Users with at least 10 ratings: ' + str(tenratings_user))\n",
    "    print('# Users with at least 50 ratings: ' + str(fiftyratings_user))\n",
    "    print('# Users with at least 100 ratings: ' + str(ohratings_user))\n",
    "    \n",
    "    \n",
    "    ########### RATINGS\n",
    "    d_mayorigual_4 = round(len(d[d['rating']>=4])*100 / num_ratings,3)\n",
    "    d_menor_4 = round(len(d[d['rating']<4])*100 / num_ratings,3)\n",
    "    \n",
    "    print('% Ratings with value greater than or equal to 4: ' + str(d_mayorigual_4))\n",
    "    print('% Ratings with value lower than 4: ' + str(d_menor_4))\n",
    "    \n",
    "    results.append([num_ratings,num_items,num_users,density,max_items_per_item,median_items_per_item,avg_items_per_item,min_items_per_item,tenratings_item,fiftyratings_item,ohratings_item,max_items_per_user,median_items_per_user,avg_items_per_user,min_items_per_user,tenratings_user,fiftyratings_user,ohratings_user,d_mayorigual_4,d_menor_4])"
   ]
  },
  {
   "cell_type": "code",
   "execution_count": 14,
   "metadata": {},
   "outputs": [
    {
     "name": "stdout",
     "output_type": "stream",
     "text": [
      "[[100000, 1682, 943, 0.063, 583, 27.0, 59.453, 1, 1152, 603, 338, 737, 65, 106.045, 20, 943, 568, 364, 55.375, 44.625], [15954, 200, 129, 0.618, 126, 80.0, 79.77, 22, 200, 177, 47, 173, 121, 123.674, 100, 129, 129, 129, 62.774, 37.226], [34030, 200, 376, 0.453, 348, 162.5, 170.15, 54, 200, 200, 185, 173, 86.0, 90.505, 50, 376, 376, 129, 64.331, 35.669], [42482, 200, 611, 0.348, 499, 197.5, 212.41, 84, 200, 200, 198, 173, 63, 69.529, 25, 611, 376, 129, 64.672, 35.328]]\n"
     ]
    }
   ],
   "source": [
    "print(results)"
   ]
  },
  {
   "cell_type": "code",
   "execution_count": 15,
   "metadata": {},
   "outputs": [
    {
     "data": {
      "text/plain": [
       "[[100000, 15954, 34030, 42482],\n",
       " [1682, 200, 200, 200],\n",
       " [943, 129, 376, 611],\n",
       " [0.063, 0.618, 0.453, 0.348],\n",
       " [583, 126, 348, 499],\n",
       " [27.0, 80.0, 162.5, 197.5],\n",
       " [59.453, 79.77, 170.15, 212.41],\n",
       " [1, 22, 54, 84],\n",
       " [1152, 200, 200, 200],\n",
       " [603, 177, 200, 200],\n",
       " [338, 47, 185, 198],\n",
       " [737, 173, 173, 173],\n",
       " [65, 121, 86.0, 63],\n",
       " [106.045, 123.674, 90.505, 69.529],\n",
       " [20, 100, 50, 25],\n",
       " [943, 129, 376, 611],\n",
       " [568, 129, 376, 376],\n",
       " [364, 129, 129, 129],\n",
       " [55.375, 62.774, 64.331, 64.672],\n",
       " [44.625, 37.226, 35.669, 35.328]]"
      ]
     },
     "execution_count": 15,
     "metadata": {},
     "output_type": "execute_result"
    }
   ],
   "source": [
    "traspose = [list(i) for i in zip(*results)]\n",
    "traspose"
   ]
  },
  {
   "cell_type": "code",
   "execution_count": 16,
   "metadata": {},
   "outputs": [],
   "source": [
    "row_val = ['Ratings', 'Items', 'Users', 'Density', 'Maximum # ratings per item',  'Median # ratings per item', 'Average # ratings per item', 'Minimum # ratings per item', '# Items with at least 10 ratings', '# Items with at least 50 ratings', '# Items with at least 100 ratings', 'Maximum # ratings per user', 'Median # ratings per user', 'Average # ratings per user', 'Minimum # ratings per user', '# Users with at least 10 ratings', '# Users with at least 50 ratings', '# Users with at least 100 ratings', '% Ratings with value greater than or equal to 4', '% Ratings with value lower than 4']\n",
    "col_val = ['ml_original', 'ml_50', 'ml_25', 'ml_12']"
   ]
  },
  {
   "cell_type": "code",
   "execution_count": 17,
   "metadata": {},
   "outputs": [
    {
     "data": {
      "text/html": [
       "<div>\n",
       "<style scoped>\n",
       "    .dataframe tbody tr th:only-of-type {\n",
       "        vertical-align: middle;\n",
       "    }\n",
       "\n",
       "    .dataframe tbody tr th {\n",
       "        vertical-align: top;\n",
       "    }\n",
       "\n",
       "    .dataframe thead th {\n",
       "        text-align: right;\n",
       "    }\n",
       "</style>\n",
       "<table border=\"1\" class=\"dataframe\">\n",
       "  <thead>\n",
       "    <tr style=\"text-align: right;\">\n",
       "      <th></th>\n",
       "      <th>ml_original</th>\n",
       "      <th>ml_50</th>\n",
       "      <th>ml_25</th>\n",
       "      <th>ml_12</th>\n",
       "    </tr>\n",
       "  </thead>\n",
       "  <tbody>\n",
       "    <tr>\n",
       "      <th>0</th>\n",
       "      <td>100000.000</td>\n",
       "      <td>15954.000</td>\n",
       "      <td>34030.000</td>\n",
       "      <td>42482.000</td>\n",
       "    </tr>\n",
       "    <tr>\n",
       "      <th>1</th>\n",
       "      <td>1682.000</td>\n",
       "      <td>200.000</td>\n",
       "      <td>200.000</td>\n",
       "      <td>200.000</td>\n",
       "    </tr>\n",
       "    <tr>\n",
       "      <th>2</th>\n",
       "      <td>943.000</td>\n",
       "      <td>129.000</td>\n",
       "      <td>376.000</td>\n",
       "      <td>611.000</td>\n",
       "    </tr>\n",
       "    <tr>\n",
       "      <th>3</th>\n",
       "      <td>0.063</td>\n",
       "      <td>0.618</td>\n",
       "      <td>0.453</td>\n",
       "      <td>0.348</td>\n",
       "    </tr>\n",
       "    <tr>\n",
       "      <th>4</th>\n",
       "      <td>583.000</td>\n",
       "      <td>126.000</td>\n",
       "      <td>348.000</td>\n",
       "      <td>499.000</td>\n",
       "    </tr>\n",
       "    <tr>\n",
       "      <th>5</th>\n",
       "      <td>27.000</td>\n",
       "      <td>80.000</td>\n",
       "      <td>162.500</td>\n",
       "      <td>197.500</td>\n",
       "    </tr>\n",
       "    <tr>\n",
       "      <th>6</th>\n",
       "      <td>59.453</td>\n",
       "      <td>79.770</td>\n",
       "      <td>170.150</td>\n",
       "      <td>212.410</td>\n",
       "    </tr>\n",
       "    <tr>\n",
       "      <th>7</th>\n",
       "      <td>1.000</td>\n",
       "      <td>22.000</td>\n",
       "      <td>54.000</td>\n",
       "      <td>84.000</td>\n",
       "    </tr>\n",
       "    <tr>\n",
       "      <th>8</th>\n",
       "      <td>1152.000</td>\n",
       "      <td>200.000</td>\n",
       "      <td>200.000</td>\n",
       "      <td>200.000</td>\n",
       "    </tr>\n",
       "    <tr>\n",
       "      <th>9</th>\n",
       "      <td>603.000</td>\n",
       "      <td>177.000</td>\n",
       "      <td>200.000</td>\n",
       "      <td>200.000</td>\n",
       "    </tr>\n",
       "    <tr>\n",
       "      <th>10</th>\n",
       "      <td>338.000</td>\n",
       "      <td>47.000</td>\n",
       "      <td>185.000</td>\n",
       "      <td>198.000</td>\n",
       "    </tr>\n",
       "    <tr>\n",
       "      <th>11</th>\n",
       "      <td>737.000</td>\n",
       "      <td>173.000</td>\n",
       "      <td>173.000</td>\n",
       "      <td>173.000</td>\n",
       "    </tr>\n",
       "    <tr>\n",
       "      <th>12</th>\n",
       "      <td>65.000</td>\n",
       "      <td>121.000</td>\n",
       "      <td>86.000</td>\n",
       "      <td>63.000</td>\n",
       "    </tr>\n",
       "    <tr>\n",
       "      <th>13</th>\n",
       "      <td>106.045</td>\n",
       "      <td>123.674</td>\n",
       "      <td>90.505</td>\n",
       "      <td>69.529</td>\n",
       "    </tr>\n",
       "    <tr>\n",
       "      <th>14</th>\n",
       "      <td>20.000</td>\n",
       "      <td>100.000</td>\n",
       "      <td>50.000</td>\n",
       "      <td>25.000</td>\n",
       "    </tr>\n",
       "    <tr>\n",
       "      <th>15</th>\n",
       "      <td>943.000</td>\n",
       "      <td>129.000</td>\n",
       "      <td>376.000</td>\n",
       "      <td>611.000</td>\n",
       "    </tr>\n",
       "    <tr>\n",
       "      <th>16</th>\n",
       "      <td>568.000</td>\n",
       "      <td>129.000</td>\n",
       "      <td>376.000</td>\n",
       "      <td>376.000</td>\n",
       "    </tr>\n",
       "    <tr>\n",
       "      <th>17</th>\n",
       "      <td>364.000</td>\n",
       "      <td>129.000</td>\n",
       "      <td>129.000</td>\n",
       "      <td>129.000</td>\n",
       "    </tr>\n",
       "    <tr>\n",
       "      <th>18</th>\n",
       "      <td>55.375</td>\n",
       "      <td>62.774</td>\n",
       "      <td>64.331</td>\n",
       "      <td>64.672</td>\n",
       "    </tr>\n",
       "    <tr>\n",
       "      <th>19</th>\n",
       "      <td>44.625</td>\n",
       "      <td>37.226</td>\n",
       "      <td>35.669</td>\n",
       "      <td>35.328</td>\n",
       "    </tr>\n",
       "  </tbody>\n",
       "</table>\n",
       "</div>"
      ],
      "text/plain": [
       "    ml_original      ml_50      ml_25      ml_12\n",
       "0    100000.000  15954.000  34030.000  42482.000\n",
       "1      1682.000    200.000    200.000    200.000\n",
       "2       943.000    129.000    376.000    611.000\n",
       "3         0.063      0.618      0.453      0.348\n",
       "4       583.000    126.000    348.000    499.000\n",
       "5        27.000     80.000    162.500    197.500\n",
       "6        59.453     79.770    170.150    212.410\n",
       "7         1.000     22.000     54.000     84.000\n",
       "8      1152.000    200.000    200.000    200.000\n",
       "9       603.000    177.000    200.000    200.000\n",
       "10      338.000     47.000    185.000    198.000\n",
       "11      737.000    173.000    173.000    173.000\n",
       "12       65.000    121.000     86.000     63.000\n",
       "13      106.045    123.674     90.505     69.529\n",
       "14       20.000    100.000     50.000     25.000\n",
       "15      943.000    129.000    376.000    611.000\n",
       "16      568.000    129.000    376.000    376.000\n",
       "17      364.000    129.000    129.000    129.000\n",
       "18       55.375     62.774     64.331     64.672\n",
       "19       44.625     37.226     35.669     35.328"
      ]
     },
     "execution_count": 17,
     "metadata": {},
     "output_type": "execute_result"
    }
   ],
   "source": [
    "df_results = pd.DataFrame(np.array(traspose), columns=col_val)\n",
    "df_results"
   ]
  },
  {
   "cell_type": "code",
   "execution_count": 19,
   "metadata": {},
   "outputs": [],
   "source": [
    "df_results.to_csv('results_analysis_final.csv', index=False)"
   ]
  },
  {
   "cell_type": "code",
   "execution_count": null,
   "metadata": {},
   "outputs": [],
   "source": []
  }
 ],
 "metadata": {
  "kernelspec": {
   "display_name": "Python 3",
   "language": "python",
   "name": "python3"
  },
  "language_info": {
   "codemirror_mode": {
    "name": "ipython",
    "version": 3
   },
   "file_extension": ".py",
   "mimetype": "text/x-python",
   "name": "python",
   "nbconvert_exporter": "python",
   "pygments_lexer": "ipython3",
   "version": "3.7.3"
  }
 },
 "nbformat": 4,
 "nbformat_minor": 2
}
